[[29 20 50  1]
 [62 96  1 48]
 [77 85 19 75]
 [ 0 43 67  1]]
[[69 46 21 43]
 [50 35 42 19]
 [68 82 96 55]
 [ 7 87 83 40]]
[[54  7 90 61]
 [65 93 73 65]
 [93 20 49 38]
 [77 32 88 44]]
[[94 16 40 47]
 [34 21 15 38]
 [ 4 57 70 23]
 [54  5 88 36]]
[[21  5 10 84]
 [84  6 52 81]
 [42 75  7 13]
 [19 94 20 15]]
[[ 9 33 81 26]
 [62 87 73 84]
 [95 79  9 38]
 [65 34 12 13]]
[[96 61  6 64]
 [71 96 27 57]
 [46 39 15 76]
 [ 0 35 74 59]]
[[58  5 21 47]
 [41 39 33 30]
 [17 91 43 30]
 [84 31 60 28]]
[[41 76 95 63]
 [58 56 46 51]
 [10 37 37  9]
 [53  6  3 48]]
[[89 58 50 34]
 [64 29 10 20]
 [53 62 67 37]
 [34 20 51 85]]
[[ 2  2  1 93]
 [ 5 43  6 32]
 [66  5 86 85]
 [89  3 62 49]]
[[98 45 42 52]
 [34 43 61  5]
 [ 9 57 58 78]
 [51 44  0 50]]
[[26 18 65 37]
 [85 69 12  0]
 [75 51 20 12]
 [57 62 44 10]]
[[29 42 69 97]
 [93 89 71 64]
 [51 45 94 99]
 [44 61 19 62]]
[[75 21 61  5]
 [30 87 89 98]
 [57 63 86 75]
 [39 16 97 78]]
[[87 93 40  9]
 [ 8 18 74 11]
 [ 7 38 55 78]
 [92 90 11 99]]
[[33 94 30 12]
 [27 91  1 22]
 [69 38 32 32]
 [84 34 25 41]]
[[47 24 43 18]
 [96 26 80 20]
 [68 53 12 37]
 [94 17 46 57]]
[[50 29 33  9]
 [57 15 89 87]
 [23 41 16 54]
 [ 8 60 18 30]]
[[74 61 16 48]
 [87 50 58 17]
 [24 54 55  2]
 [10 72  2 13]]
[[23 94 17 98]
 [74 96 38 16]
 [56 62 20 24]
 [64 95 59 91]]
[[76 47 95 51]
 [83 29 39 66]
 [23 93 50 66]
 [91 88 60 93]]
[[ 1 52  9  4]
 [22 25 70 72]
 [ 4 54 79 78]
 [83 56 44 66]]
[[67 17 63 50]
 [90 11 12 61]
 [13 65 45 10]
 [71 87 39 46]]
[[46 29 56 94]
 [47 99 41 74]
 [88 10 39 32]
 [83 56 77 13]]
[[38 49 86 27]
 [87 13 30  2]
 [20 27 13 17]
 [27 38 94  8]]
[[65 31 86 47]
 [76 44 20 78]
 [91 60 65 65]
 [16 59  4 99]]
[[10 59 49 92]
 [41 93  1 53]
 [65 40 92 10]
 [92 39 46 70]]
[[85 43 90 86]
 [11 36 69 70]
 [29  3 12 67]
 [50 40 89 42]]
[[82 56 88 18]
 [47 48 42  9]
 [18 95 83  3]
 [58 56  0 76]]
[[81 16 98 98]
 [59  9 18 28]
 [67 97 17 54]
 [85 59 45  5]]
[[ 2 25 35 54]
 [95 23 33 61]
 [60 85 30 31]
 [62 40 90  6]]
[[55 46 69 71]
 [77 10 22 93]
 [12 41 85 60]
 [65 30 90 30]]
[[91 95 35  7]
 [11 83 89 45]
 [93 86  1 22]
 [84  5 63 30]]
[[12 49 91 79]
 [88 28  2 96]
 [93 21 38  7]
 [30 26 65 43]]
[[ 4 84  3 52]
 [19 19 40 79]
 [13 72 11 43]
 [86 49 31 79]]
[[60 14 42  7]
 [29 33 99 37]
 [12 97 47 96]
 [12 13 29 46]]
[[88 23 29 34]
 [72 99 46 38]
 [35 91  6 46]
 [86 29  1 20]]
[[27  3 47 73]
 [79 42 90  2]
 [28 99 59 20]
 [77 25 45 75]]
[[77  8 97 50]
 [40 33 99 71]
 [20 42 53 97]
 [59  8 28 64]]
[[78 18  8 55]
 [47 32 88 83]
 [47 19 41 47]
 [59 64 98 68]]
[[15 76 97  8]
 [65 64 97 38]
 [12 81 33 61]
 [49 94 17 78]]
[[40 58 23 21]
 [14 99 19  1]
 [ 9 65 70 47]
 [26 72 47 71]]
[[96 68 95 65]
 [77 92  4 24]
 [12 21 52 84]
 [71 63 85 96]]
[[41 35 97 18]
 [33 23 87 69]
 [42 68 81 22]
 [42  3 44 57]]
[[86 47 70 41]
 [37  1 62 42]
 [68 15 35 28]
 [86 86 17  0]]
[[83 58 79 54]
 [16 36 75 51]
 [65 19 79 79]
 [93 18 45 23]]
[[19 36 55 48]
 [17 71 48 69]
 [79 19 47 35]
 [50 98  1 94]]
[[10 46 24 73]
 [82 57 44 45]
 [11 58 23 81]
 [94 99 72 78]]
[[ 8 23 30 64]
 [79 86 14 93]
 [ 5 17 91 16]
 [27 60 60 62]]
[[93 74  4 53]
 [15 67  1 56]
 [ 9 69 85 27]
 [42 24 50 26]]
[[47 74 43  4]
 [20 24 94  9]
 [79 20 18 31]
 [25 63 65 89]]
[[60 34 57 81]
 [48 28 90 43]
 [50 23  7 37]
 [66 17 64 82]]
[[ 0 14 18 83]
 [29 76 27 95]
 [52 73 67 54]
 [42 99  2 73]]
[[63 17 92  7]
 [89 48 48 59]
 [96 47 71 33]
 [61 43 45  5]]
[[12 98 47 26]
 [ 7 14 58 80]
 [55 62 46 25]
 [13 31 36 19]]
[[96 58 68 43]
 [38 70 30 92]
 [60 16 46 46]
 [15 78 85 97]]
[[98  5 98  2]
 [ 4 99 21 20]
 [37 53 46 60]
 [34 70 76 19]]
[[91 98 64 39]
 [88 12 68 43]
 [87 31 82 10]
 [63 49  2 57]]
[[24  6 21 80]
 [79 17  8 56]
 [27 51 74 93]
 [35 99 88 89]]
[[ 3 69 80 47]
 [24  7 88 81]
 [99 46 16 14]
 [79 96 14 65]]
[[57 64 36 29]
 [90 10  3 83]
 [79 67 91 31]
 [81 69 56 61]]
[[75 95 37 69]
 [ 8 35 10 78]
 [20 35 72 40]
 [69 22 86 24]]
[[62 87 18 14]
 [61 65 17 76]
 [56 44 91 68]
 [40 22 20  7]]
[[53 14 91 79]
 [34 56 40  2]
 [91 28 27 19]
 [ 5 12  8 26]]
[[99 64  2 37]
 [75 67 99 19]
 [55 41 91 99]
 [80 41 40 91]]
[[74 68 27 97]
 [35 88 30  8]
 [92 34 50 76]
 [ 0 53 65 35]]
[[41 79 63 25]
 [57 51 33 88]
 [ 5 61 31 40]
 [15 73 73 76]]
[[91 94 21  8]
 [12 62 75 59]
 [18 57  4 42]
 [ 7 14 78  5]]
[[28 83 97 48]
 [68 51 19 61]
 [38 55 26 39]
 [16 81 58 40]]
[[72 44 88 99]
 [94  3 68 34]
 [14 38 95 56]
 [84 33 59 73]]
[[15 85 69 11]
 [16 57 49 16]
 [50 56 61 76]
 [43 97 16 16]]
[[80 66 67  7]
 [53  2 95 60]
 [37 58 48 44]
 [46 33 65 71]]
[[10 56 93 89]
 [75 58 69 70]
 [48 59 60  0]
 [83 76 23  7]]
[[57 13 31 63]
 [28 62 20 25]
 [37 60 44 82]
 [97 28 64 74]]
[[91 13 88 92]
 [70 80 39 35]
 [71 67 33 92]
 [33 85 95 46]]
[[59 31 16 35]
 [63 28 58 88]
 [46 35 30 80]
 [56 75 10 82]]
[[34  8 75 22]
 [41 79 46 97]
 [18 51 63 68]
 [93 97 55 86]]
[[63 20 68 78]
 [86 71 50 28]
 [54 47 91 15]
 [48  1 62 27]]
[[88 42 93 41]
 [55 80 53 32]
 [65 24  7 16]
 [91 34 47 77]]
[[89 89 16 95]
 [78 26 35 74]
 [94 53 31 83]
 [41 32  1 14]]
[[85 46 67 20]
 [52 72 26 43]
 [50 99 57 20]
 [77 71 78 80]]
[[37  2 68 68]
 [91 55 82 54]
 [52 88 93 43]
 [ 3 44 90 94]]
[[12 79 40 20]
 [82 36  0 53]
 [17 22 76 93]
 [92 53 61 25]]
[[63 89 31 94]
 [24 97 17 37]
 [51 64 48 46]
 [90 68 92 35]]
[[ 9 64 74 54]
 [99 88  9 78]
 [ 2 14  0 86]
 [50 44 31 98]]
[[32 29 39  1]
 [84 68 38 68]
 [94 79  8 90]
 [93 10 95  0]]
[[32 61 46 87]
 [55 99 80 40]
 [14  8 70 58]
 [ 4  5  5  9]]
[[67 12 49 42]
 [89 64 41 33]
 [21 23 95 45]
 [28 18 27 91]]
[[39 89 87 40]
 [82 51 24 47]
 [96 59 23 55]
 [52 61 10 76]]
[[30 87 28 80]
 [ 5 97 11 19]
 [52 11 47 18]
 [ 9 80 26 56]]
[[36 36 44 58]
 [36 39 87 61]
 [99 64 17 34]
 [32 48 20 30]]
[[61 66  1 72]
 [68 45 43 26]
 [45 16 12 69]
 [21 80 32 22]]
[[64 28 67 94]
 [66 31 79 83]
 [27 66 86  8]
 [40 34 29 40]]
[[64 82 78 96]
 [14 69 50 29]
 [39 32  7  3]
 [46 31 36 84]]
[[76 53 87  0]
 [73 85 32 49]
 [53 91 35 25]
 [96 67 81 10]]
[[57 18 67 46]
 [58 80 90 23]
 [23 81 81 54]
 [70 94  8 86]]
[[16 15 69 47]
 [ 0 99 27 57]
 [55 52 29 95]
 [44 79 34 62]]
[[60 50 45  7]
 [88 52 46 54]
 [74 97 59 63]
 [11  1 96 39]]
[[ 5 43  1  7]
 [89 57 31  2]
 [84 61 56 44]
 [ 9  1 81 35]]
